4
0 5 6 21
5 0 8 17
6 8 0 16
21 17 16 0


5
0 2 0 6 0
2 0 3 8 5
0 3 0 0 7
6 8 0 0 9
0 5 7 9 0


7
0 0 0 21 6 5 0
0 0 8 17 0 0 0
0 8 0 16 0 0 0
21 17 16 0 0 0 0
6 0 0 0 0 3 2
5 0 0 0 3 0 4
0 0 0 0 2 4 0


/*
4
0 0 0 10
0 0 8 17
0 8 0 16
10 0 16 0


0-0

4
0 6 5 0
6 0 3 2
5 3 0 4
0 2 4 0





*/

8
0  8  7  9  0  0  0  0
8  0  0  0  10  0  0  0
7  0  0  13  0  14  0  0
9  0  13  0  12  0  0  0
0  10  0  12  0  15  17  0
0  0  14  0  15  0  0  4
0  0  0  0  17  0  0  0
0  0  0  0  0  4  0  0

8
0 0 0 26 0 0 0 0
0 0 0 45 31 7 26 85
0 0 0 0 60 0 0 90
26 45 0 0 0 0 38 0
0 31 60 0 0 0 0 80
0 7 0 0 0 0 49 0
0 26 0 38 0 49 0 0
0 85 90 0 80 0 0 0

